0 0 0
4 4 4
8 8 8
12 12 12
16 16 16
20 20 20
24 24 24
28 28 28
32 32 32
36 36 36
40 40 40
44 44 44
48 48 48
52 52 52
56 56 56
60 60 60
64 64 64
68 68 68
72 72 72
76 76 76
80 80 80
84 84 84
88 88 88
92 92 92
96 96 96
100 100 100
104 104 104
108 108 108
112 112 112
116 116 116
120 120 120
124 124 124
128 128 128
132 132 132
136 136 136
140 140 140
144 144 144
148 148 148
152 152 152
156 156 156
160 160 160
164 164 164
168 168 168
172 172 172
176 176 176
180 180 180
184 184 184
188 188 188
192 192 192
196 196 196
200 200 200
204 204 204
208 208 208
212 212 212
216 216 216
220 220 220
224 224 224
228 228 228
232 232 232
236 236 236
240 240 240
244 244 244
248 248 248
252 252 252
255 255 255
0 4 4
0 8 8
0 12 12
0 16 16
0 20 20
0 24 24
0 28 28
0 32 32
0 36 36
0 40 40
0 44 44
0 48 48
0 52 52
0 56 56
0 60 60
0 64 64
0 68 68
0 72 72
0 76 76
0 80 80
0 84 84
0 88 88
0 92 92
0 96 96
0 100 100
0 104 104
0 108 108
0 112 112
0 116 116
0 120 120
0 124 124
0 128 128
0 132 132
0 136 136
0 140 140
0 144 144
0 148 148
0 152 152
0 156 156
0 160 160
0 164 164
0 168 168
0 172 172
0 176 176
0 180 180
0 184 184
0 188 188
0 192 192
0 196 196
0 200 200
0 204 204
0 208 208
0 212 212
0 216 216
0 220 220
0 224 224
0 228 228
0 232 232
0 236 236
0 240 240
0 244 244
0 248 248
0 252 252
0 255 255
4 4 0
8 8 0
12 12 0
16 16 0
20 20 0
24 24 0
28 28 0
32 32 0
36 36 0
40 40 0
44 44 0
48 48 0
52 52 0
56 56 0
60 60 0
64 64 0
68 68 0
72 72 0
76 76 0
80 80 0
84 84 0
88 88 0
92 92 0
96 96 0
100 100 0
104 104 0
108 108 0
112 112 0
116 116 0
120 120 0
124 124 0
128 128 0
132 132 0
136 136 0
140 140 0
144 144 0
148 148 0
152 152 0
156 156 0
160 160 0
164 164 0
168 168 0
172 172 0
176 176 0
180 180 0
184 184 0
188 188 0
192 192 0
196 196 0
200 200 0
204 204 0
208 208 0
212 212 0
216 216 0
220 220 0
224 224 0
228 228 0
232 232 0
236 236 0
240 240 0
244 244 0
248 248 0
252 252 0
255 255 0
4 0 4
8 0 8
12 0 12
16 0 16
20 0 20
24 0 24
28 0 28
32 0 32
36 0 36
40 0 40
44 0 44
48 0 48
52 0 52
56 0 56
60 0 60
64 0 64
68 0 68
72 0 72
76 0 76
80 0 80
84 0 84
88 0 88
92 0 92
96 0 96
100 0 100
104 0 104
108 0 108
112 0 112
116 0 116
120 0 120
124 0 124
128 0 128
132 0 132
136 0 136
140 0 140
144 0 144
148 0 148
152 0 152
156 0 156
160 0 160
164 0 164
168 0 168
172 0 172
176 0 176
180 0 180
184 0 184
188 0 188
192 0 192
196 0 196
200 0 200
204 0 204
208 0 208
212 0 212
216 0 216
220 0 220
224 0 224
228 0 228
232 0 232
236 0 236
240 0 240
244 0 244
248 0 248
252 0 252
255 0 255
